COM Travel objective,COM turning objective (YAW),EE collision objective,EE height objective (stance),EE height objective (swing),EE position objective,Fixed wheels objective,GRF 0 in swing constraint,GRF friction constraints,GRF is positive constraint,GRF stance regularizer,Passive wheels (w/o friction),Total energy,feet sliding objective,foot path smoothness objective,force acceleration objective,joint angle bound constraint,joint angle velocity constraint,periodic body orientations (PITCH),periodic body orientations (ROLL),periodic joint angles,periodic wheel speed,robot COM objective,robot COM orientations objective,robot EE objective,robot body orientation regularizer objective (PITCH),robot body orientation regularizer objective (ROLL),robot body orientation regularizer objective (YAW),robot joint angles regularizer objective,robot joint angles regularizer objective (non-limb),robot smooth body orientation trajectories,robot smooth joint angle trajectories,robot smooth joint angles objective (non-limb),robot stance leg smooth joint angle trajectories,robot stance legs motion regularizer,robot wheel axis objective,smoothCOM,torque angular acceleration objective,wheel angle smooth regularizer,wheel speed bound constraint,wheel speed smooth regularizer,
0,0,8453.98,7.11111,0,0,0,0,0,4142.45,0,5.14219e-10,0,0,0,2.02724,0,0,0,0,0,2.53619e-05,0,0,0,0,0,0,0,0,0,0,0,0,0,0,0,0,0,0,0,
4.72254e-06,0,0,0.000310908,0,6.98286e-08,0.941247,0,0,2.04326e-07,0.000450954,0.000238966,0,5.2697e-05,0,2.13415e-06,0,0,0,3.28441e-07,8.39723e-10,0.000353329,4.86166e-08,5.335e-05,0,0.000417294,0.00108686,0.000466058,0.000514338,0.00794193,0,0.00316615,0.00163359,0.00146387,0.0226821,0.000151087,0,0,0,0,0,
4.72254e-06,0,0,0.000310908,0,6.98286e-08,0.941247,0,0,2.04326e-07,0.000450954,0.000238966,0,5.2697e-05,0,2.13415e-06,0,0,0,3.28441e-07,8.39723e-10,0.000353329,4.86166e-08,5.335e-05,0,0.000417294,0.00108686,0.000466058,0.000514338,0.00794193,0,0.00316615,0.00163359,0.00146387,0.0226821,0.000151087,0,0,0,0,0,
3.65419e-06,0,0,0.000276834,0,5.72362e-08,0.957117,0.00135199,0,1.36208e-07,0.00029324,0.000292327,0,4.75752e-05,0,8.02715e-07,0,0,0,2.787e-07,4.98936e-10,0.000354092,3.77362e-08,5.00785e-05,0,0.000321023,0.000814993,0.000521575,0.000478968,0.00795437,0,0.00283011,0.00170364,0.00135718,0.0210953,0.000129926,0,0,0,0,0,
2.87048e-06,0,0,0.000250347,0,4.80413e-08,0.976482,0.000966502,0,9.39617e-08,0.000214028,0.000327015,0,4.36524e-05,0,5.7769e-07,0,0,0,2.40687e-07,2.63195e-10,0.000354854,2.97472e-08,4.77561e-05,0,0.000252941,0.0006169,0.000580111,0.000454132,0.00801162,0,0.00257202,0.00175832,0.00130162,0.0199618,0.000114486,0,0,0,0,0,
2.71739e-06,0,0,0.000245053,0,4.62648e-08,0.981141,0.000879049,0,8.67917e-08,0.000203189,0.000310668,0,4.28707e-05,0,5.36229e-07,0,0,0,2.33207e-07,2.20352e-10,0.00035505,2.81842e-08,4.73059e-05,0,0.000240153,0.000578799,0.000593529,0.000449054,0.00802917,0,0.00252011,0.00176789,0.00129107,0.0197476,0.000111519,0,0,0,0,0,
2.68114e-06,0,0,0.000243796,0,4.58446e-08,0.982285,0.000878786,0,8.51502e-08,0.000200857,0.000306107,0,4.26852e-05,0,5.25753e-07,0,0,0,2.31432e-07,2.10529e-10,0.000355098,2.7814e-08,4.71994e-05,0,0.000237154,0.000569854,0.00059681,0.000447842,0.0080336,0,0.00250776,0.00177011,0.00128859,0.0196972,0.00011082,0,0,0,0,0,
2.12725e-06,0,0,0.000224296,0,3.94813e-08,1.00225,0.000588979,0,6.34715e-08,0.000178785,0.000288852,0,3.98734e-05,0,5.09707e-07,0,0,0,2.03836e-07,8.78861e-11,0.000355486,2.22399e-08,4.56702e-05,0,0.000192502,0.000441319,0.00065325,0.000434227,0.00810953,0,0.00232704,0.00182828,0.00126903,0.0189265,9.90257e-05,0,0,0,0,0,
2.07204e-06,0,0,0.000222336,0,3.8853e-08,1.0045,0.000614022,0,6.17133e-08,0.000177948,0.000280656,0,3.95907e-05,0,4.99126e-07,0,0,0,2.01094e-07,7.75829e-11,0.000355533,2.16844e-08,4.5519e-05,0,0.000188218,0.00042897,0.000659462,0.000432766,0.00811905,0,0.00230868,0.00183385,0.00126665,0.0188517,9.78832e-05,0,0,0,0,0,
1.29398e-06,0,0,0.000192868,0,2.97217e-08,1.04363,0.000259471,0,4.48252e-08,0.000200226,0.000282362,0,3.53505e-05,0,8.61996e-07,0,0,0,1.6068e-07,1.73592e-13,0.000356079,1.38846e-08,4.34312e-05,0,0.000127586,0.000270387,0.000769127,0.000417045,0.00828002,0,0.00204123,0.00193675,0.00127049,0.0177575,8.0499e-05,0,0,0,0,0,
1.17419e-06,0,0,0.000188309,0,2.83268e-08,1.05085,0.000251578,0,4.3929e-08,0.000208224,0.000249409,0,3.46854e-05,0,8.16078e-07,0,0,0,1.54578e-07,4.72108e-12,0.000356198,1.26835e-08,4.31037e-05,0,0.000119009,0.000249514,0.00078911,0.000413503,0.00831407,0,0.0019981,0.00195129,0.00126569,0.0175964,7.80248e-05,0,0,0,0,0,
1.06755e-06,0,0,0.0001842,0,2.70689e-08,1.05773,0.000240829,0,4.34731e-08,0.00021648,0.000222747,0,3.40868e-05,0,7.91183e-07,0,0,0,1.49094e-07,1.43781e-11,0.000356299,1.16122e-08,4.28115e-05,0,0.00011143,0.000232098,0.000808099,0.000410156,0.0083468,0,0.00195915,0.00196485,0.00126122,0.0174511,7.58413e-05,0,0,0,0,0,
4.31237e-07,0,0,0.000155665,0,1.8794e-08,1.11502,3.04569e-05,0,5.09824e-08,0.000307684,0.000168953,0,2.99255e-05,0,1.41282e-06,0,0,0,1.11757e-07,2.23649e-10,0.000356695,5.25737e-09,4.10707e-05,0,6.36579e-05,0.000158338,0.00096946,0.000394191,0.00860733,0,0.00170025,0.00208911,0.00128236,0.0164719,6.04559e-05,0,0,0,0,0,
2.32617e-07,0,0,0.000147657,0,1.57919e-08,1.14136,4.0147e-06,0,5.3975e-08,0.000317173,0.000112001,0,2.85505e-05,0,1.44294e-06,0,0,0,1.01e-07,3.75252e-10,0.000356936,3.27159e-09,4.03215e-05,0,5.07686e-05,0.000156911,0.0010439,0.000376523,0.00874895,0,0.00161391,0.00212431,0.00121513,0.0161357,5.69064e-05,0,0,0,0,0,
1.50218e-07,0,0,0.000144853,0,1.40201e-08,1.16134,6.32625e-07,0,5.4237e-08,0.000308506,0.000103699,0,2.79477e-05,0,1.26359e-06,0,0,0,9.59109e-08,4.4635e-10,0.000357127,2.44322e-09,4.00245e-05,0,4.44772e-05,0.00016038,0.00108957,0.000368077,0.00886324,0,0.00159075,0.00214373,0.0011488,0.0159156,5.57451e-05,0,0,0,0,0,
1.0675e-07,0,0,0.000143463,0,1.27955e-08,1.17817,1.80007e-07,0,5.43409e-08,0.000296949,0.000100201,0,2.75903e-05,0,1.15903e-06,0,2.29399e-07,0,9.25537e-08,4.82275e-10,0.000357285,2.00385e-09,3.98717e-05,0,4.05877e-05,0.00016244,0.00112145,0.000364559,0.00896168,0,0.00158674,0.0021546,0.00108893,0.015753,5.50272e-05,0,0,0,0,0,
8.56327e-08,0,0,0.000143368,0,1.19879e-08,1.18881,1.1395e-07,0,5.39539e-08,0.000286714,9.83025e-05,0,2.75046e-05,0,1.09962e-06,0,8.13235e-06,0,9.10417e-08,4.66495e-10,0.000357414,1.78957e-09,3.97826e-05,0,3.89846e-05,0.000162839,0.00113923,0.000363808,0.00902195,0,0.00159493,0.00216159,0.00104208,0.0156529,5.45913e-05,0,0,0,0,0,
8.18835e-08,0,0,0.000144088,0,1.1676e-08,1.19364,1.03928e-07,0,5.33321e-08,0.000278429,9.94319e-05,0,2.76148e-05,0,1.08129e-06,0,9.87062e-06,0,9.08928e-08,3.95387e-10,0.000357516,1.75369e-09,3.97345e-05,0,3.90305e-05,0.000162827,0.00114535,0.000365168,0.00904682,0,0.00160923,0.00216739,0.00101004,0.0156074,5.43979e-05,0,0,0,0,0,
8.66322e-08,0,0,0.000145029,0,1.16959e-08,1.19468,1.00589e-07,0,5.24867e-08,0.000272279,0.000101271,0,2.77135e-05,0,1.0797e-06,0,1.30237e-05,0,9.13518e-08,3.72364e-10,0.000357579,1.80357e-09,3.9714e-05,0,3.98124e-05,0.000161625,0.0011449,0.00036713,0.00904877,0,0.00162123,0.00217198,0.000992275,0.0155965,5.43049e-05,0,0,0,0,0,
9.06141e-08,0,0,0.000145654,0,1.17504e-08,1.19486,9.86236e-08,0,5.1942e-08,0.000268232,0.000102094,0,2.77646e-05,0,1.08249e-06,0,1.48757e-05,0,9.19788e-08,3.6637e-10,0.000357618,1.84387e-09,3.97106e-05,0,4.05177e-05,0.00016113,0.00114339,0.000368138,0.00904618,0,0.00162939,0.00217522,0.000982866,0.0155959,5.43123e-05,0,0,0,0,0,
9.28003e-08,0,0,0.000145939,0,1.1772e-08,1.19502,9.76028e-08,0,5.169e-08,0.000266025,0.000102356,0,2.77867e-05,0,1.08471e-06,0,1.58092e-05,0,9.21921e-08,3.60493e-10,0.000357643,1.86629e-09,3.97116e-05,0,4.09456e-05,0.000160884,0.00114256,0.000368538,0.00904492,0,0.00163352,0.00217721,0.000978161,0.015596,5.43155e-05,0,0,0,0,0,
9.39948e-08,0,0,0.000146075,0,1.1783e-08,1.19512,9.70282e-08,0,5.15621e-08,0.000264812,0.000102468,0,2.77967e-05,0,1.08568e-06,0,1.62753e-05,0,9.22952e-08,3.56911e-10,0.000357659,1.87873e-09,3.97124e-05,0,4.12139e-05,0.000160751,0.00114218,0.00036864,0.00904399,0,0.00163556,0.00217845,0.000975863,0.0155962,5.43188e-05,0,0,0,0,0,
9.46739e-08,0,0,0.000146141,0,1.17891e-08,1.19517,9.66728e-08,0,5.14887e-08,0.000264106,0.00010252,0,2.78012e-05,0,1.08594e-06,0,1.65142e-05,0,9.23495e-08,3.54803e-10,0.000357669,1.88588e-09,3.97124e-05,0,4.13877e-05,0.000160676,0.00114205,0.000368616,0.0090432,0,0.00163657,0.00217928,0.000974777,0.0155965,5.43223e-05,0,0,0,0,0,
9.50729e-08,0,0,0.000146174,0,1.17927e-08,1.19519,9.64416e-08,0,5.14434e-08,0.00026367,0.000102545,0,2.7803e-05,0,1.08589e-06,0,1.66407e-05,0,9.23794e-08,3.53561e-10,0.000357677,1.8901e-09,3.9712e-05,0,4.15016e-05,0.00016063,0.00114203,0.000368551,0.00904255,0,0.00163706,0.00217986,0.000974292,0.0155968,5.43252e-05,0,0,0,0,0,
9.53138e-08,0,0,0.000146191,0,1.1795e-08,1.19519,9.6284e-08,0,5.14141e-08,0.000263388,0.000102556,0,2.78036e-05,0,1.08574e-06,0,1.671e-05,0,9.23963e-08,3.5282e-10,0.000357683,1.89267e-09,3.97114e-05,0,4.15769e-05,0.000160602,0.00114205,0.000368481,0.00904202,0,0.00163729,0.00218028,0.000974098,0.015597,5.43274e-05,0,0,0,0,0,
9.54624e-08,0,0,0.000146199,0,1.17964e-08,1.19519,9.61765e-08,0,5.13943e-08,0.0002632,0.000102562,0,2.78035e-05,0,1.08557e-06,0,1.67491e-05,0,9.24061e-08,3.52373e-10,0.000357687,1.89426e-09,3.97107e-05,0,4.16269e-05,0.000160583,0.00114209,0.000368419,0.00904162,0,0.00163739,0.0021806,0.000974038,0.0155971,5.4329e-05,0,0,0,0,0,
9.55559e-08,0,0,0.000146203,0,1.17973e-08,1.19518,9.61016e-08,0,5.13807e-08,0.000263071,0.000102564,0,2.78033e-05,0,1.08541e-06,0,1.67717e-05,0,9.24118e-08,3.52101e-10,0.00035769,1.89526e-09,3.97102e-05,0,4.16603e-05,0.00016057,0.00114213,0.000368369,0.00904131,0,0.00163743,0.00218084,0.000974037,0.0155973,5.43301e-05,0,0,0,0,0,
9.56155e-08,0,0,0.000146205,0,1.17979e-08,1.19517,9.60462e-08,0,5.13711e-08,0.000262981,0.000102564,0,2.7803e-05,0,1.08528e-06,0,1.6785e-05,0,9.24152e-08,3.51934e-10,0.000357692,1.8959e-09,3.97097e-05,0,4.16828e-05,0.000160562,0.00114216,0.00036833,0.00904108,0,0.00163744,0.00218101,0.000974058,0.0155973,5.43308e-05,0,0,0,0,0,
9.56542e-08,0,0,0.000146206,0,1.17984e-08,1.19517,9.60079e-08,0,5.13643e-08,0.000262917,0.000102564,0,2.78027e-05,0,1.08518e-06,0,1.67931e-05,0,9.24171e-08,3.51832e-10,0.000357694,1.89631e-09,3.97093e-05,0,4.16979e-05,0.000160556,0.00114219,0.000368301,0.00904091,0,0.00163743,0.00218115,0.000974083,0.0155974,5.43313e-05,0,0,0,0,0,
9.56795e-08,0,0,0.000146206,0,1.17986e-08,1.19516,9.59799e-08,0,5.13594e-08,0.000262872,0.000102564,0,2.78025e-05,0,1.0851e-06,0,1.6798e-05,0,9.24183e-08,3.5177e-10,0.000357695,1.89658e-09,3.9709e-05,0,4.17082e-05,0.000160552,0.00114221,0.00036828,0.00904079,0,0.00163742,0.00218124,0.000974107,0.0155974,5.43316e-05,0,0,0,0,0,
9.56963e-08,0,0,0.000146206,0,1.17988e-08,1.19516,9.59602e-08,0,5.13558e-08,0.00026284,0.000102564,0,2.78024e-05,0,1.08504e-06,0,1.68011e-05,0,9.2419e-08,3.51733e-10,0.000357696,1.89676e-09,3.97088e-05,0,4.17151e-05,0.000160549,0.00114223,0.000368264,0.0090407,0,0.00163741,0.00218131,0.000974127,0.0155975,5.43318e-05,0,0,0,0,0,
9.57076e-08,0,0,0.000146206,0,1.1799e-08,1.19515,9.59439e-08,0,5.13532e-08,0.000262817,0.000102563,0,2.78022e-05,0,1.08499e-06,0,1.6803e-05,0,9.24193e-08,3.51711e-10,0.000357696,1.89687e-09,3.97087e-05,0,4.17199e-05,0.000160547,0.00114224,0.000368252,0.00904064,0,0.0016374,0.00218137,0.000974142,0.0155975,5.4332e-05,0,0,0,0,0,
9.57154e-08,0,0,0.000146206,0,1.17991e-08,1.19515,9.5933e-08,0,5.13512e-08,0.0002628,0.000102563,0,2.78021e-05,0,1.08496e-06,0,1.68042e-05,0,9.24196e-08,3.51699e-10,0.000357697,1.89695e-09,3.97085e-05,0,4.17232e-05,0.000160546,0.00114225,0.000368244,0.00904059,0,0.00163739,0.00218141,0.000974154,0.0155975,5.43321e-05,0,0,0,0,0,
9.57207e-08,0,0,0.000146205,0,1.17992e-08,1.19515,9.59251e-08,0,5.13498e-08,0.000262788,0.000102563,0,2.78021e-05,0,1.08493e-06,0,1.6805e-05,0,9.24197e-08,3.51693e-10,0.000357697,1.897e-09,3.97085e-05,0,4.17254e-05,0.000160545,0.00114226,0.000368238,0.00904056,0,0.00163739,0.00218143,0.000974162,0.0155975,5.43321e-05,0,0,0,0,0,
9.57207e-08,0,0,0.000146205,0,1.17992e-08,1.19515,9.59251e-08,0,5.13498e-08,0.000262788,0.000102563,0,2.78021e-05,0,1.08493e-06,0,1.6805e-05,0,9.24197e-08,3.51693e-10,0.000357697,1.897e-09,3.97085e-05,0,4.17254e-05,0.000160545,0.00114226,0.000368238,0.00904056,0,0.00163739,0.00218143,0.000974162,0.0155975,5.43321e-05,0,0,0,0,0,
9.57207e-08,0,0,0.000146205,0,1.17992e-08,1.19515,9.59251e-08,0,5.13498e-08,0.000262788,0.000102563,0,2.78021e-05,0,1.08493e-06,0,1.6805e-05,0,9.24197e-08,3.51693e-10,0.000357697,1.897e-09,3.97085e-05,0,4.17254e-05,0.000160545,0.00114226,0.000368238,0.00904056,0,0.00163739,0.00218143,0.000974162,0.0155975,5.43321e-05,0,0,0,0,0,
9.57207e-08,0,0,0.000146205,0,1.17992e-08,1.19515,9.59251e-08,0,5.13498e-08,0.000262788,0.000102563,0,2.78021e-05,0,1.08493e-06,0,1.6805e-05,0,9.24197e-08,3.51693e-10,0.000357697,1.897e-09,3.97085e-05,0,4.17254e-05,0.000160545,0.00114226,0.000368238,0.00904056,0,0.00163739,0.00218143,0.000974162,0.0155975,5.43321e-05,0,0,0,0,0,
9.57207e-08,0,0,0.000146205,0,1.17992e-08,1.19515,9.59251e-08,0,5.13498e-08,0.000262788,0.000102563,0,2.78021e-05,0,1.08493e-06,0,1.6805e-05,0,9.24197e-08,3.51693e-10,0.000357697,1.897e-09,3.97085e-05,0,4.17254e-05,0.000160545,0.00114226,0.000368238,0.00904056,0,0.00163739,0.00218143,0.000974162,0.0155975,5.43321e-05,0,0,0,0,0,
9.57207e-08,0,0,0.000146205,0,1.17992e-08,1.19515,9.59251e-08,0,5.13498e-08,0.000262788,0.000102563,0,2.78021e-05,0,1.08493e-06,0,1.6805e-05,0,9.24197e-08,3.51693e-10,0.000357697,1.897e-09,3.97085e-05,0,4.17254e-05,0.000160545,0.00114226,0.000368238,0.00904056,0,0.00163739,0.00218143,0.000974162,0.0155975,5.43321e-05,0,0,0,0,0,
9.57207e-08,0,0,0.000146205,0,1.17992e-08,1.19515,9.59251e-08,0,5.13498e-08,0.000262788,0.000102563,0,2.78021e-05,0,1.08493e-06,0,1.6805e-05,0,9.24197e-08,3.51693e-10,0.000357697,1.897e-09,3.97085e-05,0,4.17254e-05,0.000160545,0.00114226,0.000368238,0.00904056,0,0.00163739,0.00218143,0.000974162,0.0155975,5.43321e-05,0,0,0,0,0,
9.57207e-08,0,0,0.000146205,0,1.17992e-08,1.19515,9.59251e-08,0,5.13498e-08,0.000262788,0.000102563,0,2.78021e-05,0,1.08493e-06,0,1.6805e-05,0,9.24197e-08,3.51693e-10,0.000357697,1.897e-09,3.97085e-05,0,4.17254e-05,0.000160545,0.00114226,0.000368238,0.00904056,0,0.00163739,0.00218143,0.000974162,0.0155975,5.43321e-05,0,0,0,0,0,
9.57207e-08,0,0,0.000146205,0,1.17992e-08,1.19515,9.59251e-08,0,5.13498e-08,0.000262788,0.000102563,0,2.78021e-05,0,1.08493e-06,0,1.6805e-05,0,9.24197e-08,3.51693e-10,0.000357697,1.897e-09,3.97085e-05,0,4.17254e-05,0.000160545,0.00114226,0.000368238,0.00904056,0,0.00163739,0.00218143,0.000974162,0.0155975,5.43321e-05,0,0,0,0,0,
9.57207e-08,0,0,0.000146205,0,1.17992e-08,1.19515,9.59251e-08,0,5.13498e-08,0.000262788,0.000102563,0,2.78021e-05,0,1.08493e-06,0,1.6805e-05,0,9.24197e-08,3.51693e-10,0.000357697,1.897e-09,3.97085e-05,0,4.17254e-05,0.000160545,0.00114226,0.000368238,0.00904056,0,0.00163739,0.00218143,0.000974162,0.0155975,5.43321e-05,0,0,0,0,0,
9.57207e-08,0,0,0.000146205,0,1.17992e-08,1.19515,9.59251e-08,0,5.13498e-08,0.000262788,0.000102563,0,2.78021e-05,0,1.08493e-06,0,1.6805e-05,0,9.24197e-08,3.51693e-10,0.000357697,1.897e-09,3.97085e-05,0,4.17254e-05,0.000160545,0.00114226,0.000368238,0.00904056,0,0.00163739,0.00218143,0.000974162,0.0155975,5.43321e-05,0,0,0,0,0,
9.57207e-08,0,0,0.000146205,0,1.17992e-08,1.19515,9.59251e-08,0,5.13498e-08,0.000262788,0.000102563,0,2.78021e-05,0,1.08493e-06,0,1.6805e-05,0,9.24197e-08,3.51693e-10,0.000357697,1.897e-09,3.97085e-05,0,4.17254e-05,0.000160545,0.00114226,0.000368238,0.00904056,0,0.00163739,0.00218143,0.000974162,0.0155975,5.43321e-05,0,0,0,0,0,
9.57207e-08,0,0,0.000146205,0,1.17992e-08,1.19515,9.59251e-08,0,5.13498e-08,0.000262788,0.000102563,0,2.78021e-05,0,1.08493e-06,0,1.6805e-05,0,9.24197e-08,3.51693e-10,0.000357697,1.897e-09,3.97085e-05,0,4.17254e-05,0.000160545,0.00114226,0.000368238,0.00904056,0,0.00163739,0.00218143,0.000974162,0.0155975,5.43321e-05,0,0,0,0,0,
9.57207e-08,0,0,0.000146205,0,1.17992e-08,1.19515,9.59251e-08,0,5.13498e-08,0.000262788,0.000102563,0,2.78021e-05,0,1.08493e-06,0,1.6805e-05,0,9.24197e-08,3.51693e-10,0.000357697,1.897e-09,3.97085e-05,0,4.17254e-05,0.000160545,0.00114226,0.000368238,0.00904056,0,0.00163739,0.00218143,0.000974162,0.0155975,5.43321e-05,0,0,0,0,0,
9.57207e-08,0,0,0.000146205,0,1.17992e-08,1.19515,9.59251e-08,0,5.13498e-08,0.000262788,0.000102563,0,2.78021e-05,0,1.08493e-06,0,1.6805e-05,0,9.24197e-08,3.51693e-10,0.000357697,1.897e-09,3.97085e-05,0,4.17254e-05,0.000160545,0.00114226,0.000368238,0.00904056,0,0.00163739,0.00218143,0.000974162,0.0155975,5.43321e-05,0,0,0,0,0,
9.57207e-08,0,0,0.000146205,0,1.17992e-08,1.19515,9.59251e-08,0,5.13498e-08,0.000262788,0.000102563,0,2.78021e-05,0,1.08493e-06,0,1.6805e-05,0,9.24197e-08,3.51693e-10,0.000357697,1.897e-09,3.97085e-05,0,4.17254e-05,0.000160545,0.00114226,0.000368238,0.00904056,0,0.00163739,0.00218143,0.000974162,0.0155975,5.43321e-05,0,0,0,0,0,
9.57207e-08,0,0,0.000146205,0,1.17992e-08,1.19515,9.59251e-08,0,5.13498e-08,0.000262788,0.000102563,0,2.78021e-05,0,1.08493e-06,0,1.6805e-05,0,9.24197e-08,3.51693e-10,0.000357697,1.897e-09,3.97085e-05,0,4.17254e-05,0.000160545,0.00114226,0.000368238,0.00904056,0,0.00163739,0.00218143,0.000974162,0.0155975,5.43321e-05,0,0,0,0,0,
9.57207e-08,0,0,0.000146205,0,1.17992e-08,1.19515,9.59251e-08,0,5.13498e-08,0.000262788,0.000102563,0,2.78021e-05,0,1.08493e-06,0,1.6805e-05,0,9.24197e-08,3.51693e-10,0.000357697,1.897e-09,3.97085e-05,0,4.17254e-05,0.000160545,0.00114226,0.000368238,0.00904056,0,0.00163739,0.00218143,0.000974162,0.0155975,5.43321e-05,0,0,0,0,0,
9.57207e-08,0,0,0.000146205,0,1.17992e-08,1.19515,9.59251e-08,0,5.13498e-08,0.000262788,0.000102563,0,2.78021e-05,0,1.08493e-06,0,1.6805e-05,0,9.24197e-08,3.51693e-10,0.000357697,1.897e-09,3.97085e-05,0,4.17254e-05,0.000160545,0.00114226,0.000368238,0.00904056,0,0.00163739,0.00218143,0.000974162,0.0155975,5.43321e-05,0,0,0,0,0,
9.57207e-08,0,0,0.000146205,0,1.17992e-08,1.19515,9.59251e-08,0,5.13498e-08,0.000262788,0.000102563,0,2.78021e-05,0,1.08493e-06,0,1.6805e-05,0,9.24197e-08,3.51693e-10,0.000357697,1.897e-09,3.97085e-05,0,4.17254e-05,0.000160545,0.00114226,0.000368238,0.00904056,0,0.00163739,0.00218143,0.000974162,0.0155975,5.43321e-05,0,0,0,0,0,
9.57207e-08,0,0,0.000146205,0,1.17992e-08,1.19515,9.59251e-08,0,5.13498e-08,0.000262788,0.000102563,0,2.78021e-05,0,1.08493e-06,0,1.6805e-05,0,9.24197e-08,3.51693e-10,0.000357697,1.897e-09,3.97085e-05,0,4.17254e-05,0.000160545,0.00114226,0.000368238,0.00904056,0,0.00163739,0.00218143,0.000974162,0.0155975,5.43321e-05,0,0,0,0,0,
9.57207e-08,0,0,0.000146205,0,1.17992e-08,1.19515,9.59251e-08,0,5.13498e-08,0.000262788,0.000102563,0,2.78021e-05,0,1.08493e-06,0,1.6805e-05,0,9.24197e-08,3.51693e-10,0.000357697,1.897e-09,3.97085e-05,0,4.17254e-05,0.000160545,0.00114226,0.000368238,0.00904056,0,0.00163739,0.00218143,0.000974162,0.0155975,5.43321e-05,0,0,0,0,0,
9.57207e-08,0,0,0.000146205,0,1.17992e-08,1.19515,9.59251e-08,0,5.13498e-08,0.000262788,0.000102563,0,2.78021e-05,0,1.08493e-06,0,1.6805e-05,0,9.24197e-08,3.51693e-10,0.000357697,1.897e-09,3.97085e-05,0,4.17254e-05,0.000160545,0.00114226,0.000368238,0.00904056,0,0.00163739,0.00218143,0.000974162,0.0155975,5.43321e-05,0,0,0,0,0,
9.57207e-08,0,0,0.000146205,0,1.17992e-08,1.19515,9.59251e-08,0,5.13498e-08,0.000262788,0.000102563,0,2.78021e-05,0,1.08493e-06,0,1.6805e-05,0,9.24197e-08,3.51693e-10,0.000357697,1.897e-09,3.97085e-05,0,4.17254e-05,0.000160545,0.00114226,0.000368238,0.00904056,0,0.00163739,0.00218143,0.000974162,0.0155975,5.43321e-05,0,0,0,0,0,
9.57207e-08,0,0,0.000146205,0,1.17992e-08,1.19515,9.59251e-08,0,5.13498e-08,0.000262788,0.000102563,0,2.78021e-05,0,1.08493e-06,0,1.6805e-05,0,9.24197e-08,3.51693e-10,0.000357697,1.897e-09,3.97085e-05,0,4.17254e-05,0.000160545,0.00114226,0.000368238,0.00904056,0,0.00163739,0.00218143,0.000974162,0.0155975,5.43321e-05,0,0,0,0,0,
9.57207e-08,0,0,0.000146205,0,1.17992e-08,1.19515,9.59251e-08,0,5.13498e-08,0.000262788,0.000102563,0,2.78021e-05,0,1.08493e-06,0,1.6805e-05,0,9.24197e-08,3.51693e-10,0.000357697,1.897e-09,3.97085e-05,0,4.17254e-05,0.000160545,0.00114226,0.000368238,0.00904056,0,0.00163739,0.00218143,0.000974162,0.0155975,5.43321e-05,0,0,0,0,0,
9.57207e-08,0,0,0.000146205,0,1.17992e-08,1.19515,9.59251e-08,0,5.13498e-08,0.000262788,0.000102563,0,2.78021e-05,0,1.08493e-06,0,1.6805e-05,0,9.24197e-08,3.51693e-10,0.000357697,1.897e-09,3.97085e-05,0,4.17254e-05,0.000160545,0.00114226,0.000368238,0.00904056,0,0.00163739,0.00218143,0.000974162,0.0155975,5.43321e-05,0,0,0,0,0,
9.57207e-08,0,0,0.000146205,0,1.17992e-08,1.19515,9.59251e-08,0,5.13498e-08,0.000262788,0.000102563,0,2.78021e-05,0,1.08493e-06,0,1.6805e-05,0,9.24197e-08,3.51693e-10,0.000357697,1.897e-09,3.97085e-05,0,4.17254e-05,0.000160545,0.00114226,0.000368238,0.00904056,0,0.00163739,0.00218143,0.000974162,0.0155975,5.43321e-05,0,0,0,0,0,
9.57207e-08,0,0,0.000146205,0,1.17992e-08,1.19515,9.59251e-08,0,5.13498e-08,0.000262788,0.000102563,0,2.78021e-05,0,1.08493e-06,0,1.6805e-05,0,9.24197e-08,3.51693e-10,0.000357697,1.897e-09,3.97085e-05,0,4.17254e-05,0.000160545,0.00114226,0.000368238,0.00904056,0,0.00163739,0.00218143,0.000974162,0.0155975,5.43321e-05,0,0,0,0,0,
9.57207e-08,0,0,0.000146205,0,1.17992e-08,1.19515,9.59251e-08,0,5.13498e-08,0.000262788,0.000102563,0,2.78021e-05,0,1.08493e-06,0,1.6805e-05,0,9.24197e-08,3.51693e-10,0.000357697,1.897e-09,3.97085e-05,0,4.17254e-05,0.000160545,0.00114226,0.000368238,0.00904056,0,0.00163739,0.00218143,0.000974162,0.0155975,5.43321e-05,0,0,0,0,0,
9.57207e-08,0,0,0.000146205,0,1.17992e-08,1.19515,9.59251e-08,0,5.13498e-08,0.000262788,0.000102563,0,2.78021e-05,0,1.08493e-06,0,1.6805e-05,0,9.24197e-08,3.51693e-10,0.000357697,1.897e-09,3.97085e-05,0,4.17254e-05,0.000160545,0.00114226,0.000368238,0.00904056,0,0.00163739,0.00218143,0.000974162,0.0155975,5.43321e-05,0,0,0,0,0,
9.57207e-08,0,0,0.000146205,0,1.17992e-08,1.19515,9.59251e-08,0,5.13498e-08,0.000262788,0.000102563,0,2.78021e-05,0,1.08493e-06,0,1.6805e-05,0,9.24197e-08,3.51693e-10,0.000357697,1.897e-09,3.97085e-05,0,4.17254e-05,0.000160545,0.00114226,0.000368238,0.00904056,0,0.00163739,0.00218143,0.000974162,0.0155975,5.43321e-05,0,0,0,0,0,
9.57207e-08,0,0,0.000146205,0,1.17992e-08,1.19515,9.59251e-08,0,5.13498e-08,0.000262788,0.000102563,0,2.78021e-05,0,1.08493e-06,0,1.6805e-05,0,9.24197e-08,3.51693e-10,0.000357697,1.897e-09,3.97085e-05,0,4.17254e-05,0.000160545,0.00114226,0.000368238,0.00904056,0,0.00163739,0.00218143,0.000974162,0.0155975,5.43321e-05,0,0,0,0,0,
9.57207e-08,0,0,0.000146205,0,1.17992e-08,1.19515,9.59251e-08,0,5.13498e-08,0.000262788,0.000102563,0,2.78021e-05,0,1.08493e-06,0,1.6805e-05,0,9.24197e-08,3.51693e-10,0.000357697,1.897e-09,3.97085e-05,0,4.17254e-05,0.000160545,0.00114226,0.000368238,0.00904056,0,0.00163739,0.00218143,0.000974162,0.0155975,5.43321e-05,0,0,0,0,0,
9.57207e-08,0,0,0.000146205,0,1.17992e-08,1.19515,9.59251e-08,0,5.13498e-08,0.000262788,0.000102563,0,2.78021e-05,0,1.08493e-06,0,1.6805e-05,0,9.24197e-08,3.51693e-10,0.000357697,1.897e-09,3.97085e-05,0,4.17254e-05,0.000160545,0.00114226,0.000368238,0.00904056,0,0.00163739,0.00218143,0.000974162,0.0155975,5.43321e-05,0,0,0,0,0,
9.57207e-08,0,0,0.000146205,0,1.17992e-08,1.19515,9.59251e-08,0,5.13498e-08,0.000262788,0.000102563,0,2.78021e-05,0,1.08493e-06,0,1.6805e-05,0,9.24197e-08,3.51693e-10,0.000357697,1.897e-09,3.97085e-05,0,4.17254e-05,0.000160545,0.00114226,0.000368238,0.00904056,0,0.00163739,0.00218143,0.000974162,0.0155975,5.43321e-05,0,0,0,0,0,
9.57207e-08,0,0,0.000146205,0,1.17992e-08,1.19515,9.59251e-08,0,5.13498e-08,0.000262788,0.000102563,0,2.78021e-05,0,1.08493e-06,0,1.6805e-05,0,9.24197e-08,3.51693e-10,0.000357697,1.897e-09,3.97085e-05,0,4.17254e-05,0.000160545,0.00114226,0.000368238,0.00904056,0,0.00163739,0.00218143,0.000974162,0.0155975,5.43321e-05,0,0,0,0,0,
9.57207e-08,0,0,0.000146205,0,1.17992e-08,1.19515,9.59251e-08,0,5.13498e-08,0.000262788,0.000102563,0,2.78021e-05,0,1.08493e-06,0,1.6805e-05,0,9.24197e-08,3.51693e-10,0.000357697,1.897e-09,3.97085e-05,0,4.17254e-05,0.000160545,0.00114226,0.000368238,0.00904056,0,0.00163739,0.00218143,0.000974162,0.0155975,5.43321e-05,0,0,0,0,0,
9.57207e-08,0,0,0.000146205,0,1.17992e-08,1.19515,9.59251e-08,0,5.13498e-08,0.000262788,0.000102563,0,2.78021e-05,0,1.08493e-06,0,1.6805e-05,0,9.24197e-08,3.51693e-10,0.000357697,1.897e-09,3.97085e-05,0,4.17254e-05,0.000160545,0.00114226,0.000368238,0.00904056,0,0.00163739,0.00218143,0.000974162,0.0155975,5.43321e-05,0,0,0,0,0,
